11291
2511 2533 2571
1354 1399 1426
9947 9960 9973
7059 7083 7108
2584 2589 2596
5309 5359 5404
7748 7777 7811
8777 8793 8796
4607 4649 4668
5869 5917 5959
9740 9746 9756
4852 4886 4889
2169 2180 2183
10263 10313 10335
10370 10377 10408
10984 11017 11032
1153 1187 1194
2318 2368 2375
7156 7172 7222
10642 10646 10669
6325 6351 6380
3494 3495 3506
8875 8918 8933
6819 6848 6890
3175 3225 3242
6003 6026 6068
4367 4408 4450
1208 1225 1259
8964 8977 9015
6407 6457 6482
3512 3551 3553
4714 4759 4780
1753 1790 1823
4925 4949 4999
3288 3332 3379
0 30 55   
5003 5017 5039
9372 9418 9449
6503 6537 6562
9988 10036 10078
3088 3114 3128
6784 6799 6801
713 761 792
4169 4176 4197
10710 10752 10785
1271 1286 1328
1867 1883 1916
9035 9061 9108
1472 1484 1531
3572 3621 3643
10818 10820 10824
809 834 836
9760 9796 9810
2220 2225 2257
9456 9472 9495
10885 10904 10939
8237 8270 8318
2419 2440 2482
7429 7475 7480
264 270 280
2909 2932 2976
4492 4519 4557
2614 2624 2660
5483 5503 5537
6075 6108 6124
5438 5445 5458
3819 3839 3847
7511 7530 7542
8325 8332 8341
1941 1990 2010
317 323 339
9867 9868 9916
11043 11058 11076
5047 5077 5090
10417 10437 10441
865 880 925
2304 2309 2311
2698 2722 2760
7856 7861 7865
7560 7563 7603
9157 9166 9191
614 653 674
8362 8386 8402
2775 2785 2817
8452 8487 8508
6159 6169 6204
7642 7680 7729
8529 8569 8576
8050 8083 8086
3872 3898 3923
58 98 131
5119 5135 5141
8585 8613 8648
8121 8142 8192
6570 6618 6639
3957 3987 3997
7874 7888 7908
5204 5249 5269
379 382 414
1533 1570 1573
3018 3055 3085
9817 9846 9851
9314 9340 9356
957 982 1031
7943 7963 7968
8193 8217 8235
10467 10468 10506
9532 9572 9587
10552 10598 10606
8658 8673 8676
9593 9611 9629
10197 10215 10230
11113 11132 11143
4222 4253 4261
4283 4328 4347
3679 3713 3740
5546 5583 5633
2039 2043 2054
6893 6924 6961
174 175 225
451 463 507
9675 9676 9715
1593 1601 1647
6688 6711 6761
525 574 603
5640 5680 5682
3392 3432 3475
7258 7300 7310
6977 6980 7012
5156 5177 5200
6244 6262 6301
4031 4069 4115
11148 11175 11187
1682 1697 1714
3753 3762 3771
4815 4833 4845
2831 2875 2880
1049 1076 1108
9234 9256 9276
5708 5723 5764
7995 7998 8038
10851 10860 10862
4117 4128 4148
11229 11262 11289
7325 7358 7388
5813 5826 5863
10099 10105 10150
8679 8715 8760
8801 8838 8867
2096 2128 2158
