1000 3
48 4 12 22
5 12 6 36
19 15 36 5
22 25 13 44
30 43 45 39
34 17 16 42
19 39 2 30
13 35 33 8
25 38 5 31
28 40 43 34
1 4 9 1
50 42 21 18
10 41 9 43
2 13 21 48
11 36 6 8
5 16 38 22
20 39 28 5
4 39 13 40
46 20 38 47
38 4 24 14
10 16 21 5
33 25 29 48
18 23 27 12
0 6 48 36
26 12 49 40
6 9 20 37
25 27 39 48
32 30 1 18
40 20 19 46
47 37 38 11
13 44 19 25
23 37 7 21
16 20 10 8
23 27 20 46
40 21 50 36
36 24 19 44
32 1 44 35
47 39 30 13
46 29 4 23
12 50 3 44
36 30 5 32
30 20 7 12
39 48 13 29
20 19 11 9
20 43 44 42
30 47 42 1
41 41 7 22
17 39 32 43
33 8 14 1
40 14 27 22
49 19 19 24
43 35 18 21
17 9 49 14
29 30 12 17
50 3 6 11
5 14 12 12
5 35 38 5
6 50 45 37
44 24 15 23
25 5 47 48
32 13 11 38
40 20 2 9
25 9 15 23
1 15 42 8
27 20 45 24
44 2 48 25
3 24 19 33
0 29 11 48
28 32 17 23
48 32 22 28
44 18 18 42
49 16 45 23
23 29 43 17
7 47 24 25
6 8 31 4
44 19 23 32
41 15 11 8
50 14 5 7
10 36 23 32
25 21 44 42
18 39 40 48
37 35 49 21
3 34 44 12
13 40 1 38
10 18 1 32
33 31 20 45
2 1 3 28
23 4 35 6
14 24 15 18
14 25 36 2
27 6 32 2
35 20 1 49
26 19 33 46
45 25 37 37
0 37 49 42
25 34 48 48
38 44 36 8
8 34 31 32
7 10 23 31
45 6 13 47
1 42 13 6
0 44 50 17
36 28 12 37
50 29 50 7
43 42 35 35
24 33 4 14
23 4 16 43
46 7 46 11
3 11 8 27
50 13 19 8
15 12 6 23
29 26 12 33
32 4 19 28
34 5 40 11
34 3 30 8
25 31 50 8
24 33 7 45
33 23 41 43
20 24 3 32
7 24 25 43
36 5 29 16
20 34 1 25
21 8 6 21
36 37 23 11
3 12 37 25
26 2 17 42
35 14 24 2
47 7 47 49
7 15 45 26
29 3 11 29
19 5 14 32
45 18 17 21
37 19 14 1
46 37 4 21
16 31 15 11
43 39 26 41
4 5 29 22
47 25 35 9
37 41 16 32
29 45 24 41
42 6 18 17
47 4 39 13
26 42 4 48
5 50 28 22
9 43 18 9
20 50 7 38
34 14 12 2
31 5 3 38
14 44 18 39
20 5 17 1
25 25 22 38
9 22 39 31
2 15 30 17
38 23 30 14
22 22 2 17
33 22 33 46
23 47 21 26
48 12 3 31
22 30 7 37
17 32 33 23
44 3 41 48
48 38 44 42
37 45 40 38
1 47 47 10
16 20 20 10
22 45 10 49
31 50 46 48
29 24 32 13
17 25 27 45
13 23 9 1
16 9 48 20
20 48 29 17
14 39 41 45
2 4 9 2
15 46 33 39
33 8 34 23
6 28 35 13
36 5 22 26
50 9 4 26
33 45 37 6
41 5 16 47
8 41 8 30
36 46 44 18
6 28 37 49
24 9 32 22
6 42 31 30
50 37 38 38
25 20 26 30
44 32 1 33
49 38 31 16
35 25 44 49
40 22 28 10
30 32 38 40
1 7 39 47
5 20 17 1
17 21 28 44
48 31 12 50
45 12 39 45
26 23 37 50
36 16 24 36
12 8 27 24
12 6 36 32
34 31 26 46
21 48 37 45
3 14 27 31
33 43 2 48
26 16 9 18
12 48 4 42
34 31 5 4
45 48 28 3
1 8 38 48
7 13 24 41
11 6 20 21
12 44 2 26
26 8 49 23
50 22 26 39
33 45 21 33
41 1 30 34
24 25 47 22
16 12 43 7
48 36 26 16
18 44 44 23
18 3 38 39
15 26 40 40
24 40 22 40
31 21 22 2
20 2 29 5
20 39 49 13
41 45 42 24
2 21 38 4
47 41 20 2
41 29 11 4
24 42 44 26
36 22 22 48
9 27 35 42
34 41 6 38
18 20 8 10
3 19 10 29
30 4 47 17
47 49 44 43
48 42 9 36
37 28 18 30
35 35 32 5
33 24 8 32
34 37 10 12
21 13 41 45
13 14 39 19
16 19 14 12
12 10 43 1
5 18 17 34
17 26 27 3
7 14 22 34
19 1 45 41
22 26 34 10
17 22 20 43
46 24 45 21
35 1 39 46
1 28 48 5
27 49 41 34
11 17 38 29
2 14 9 16
35 18 25 17
13 40 13 22
45 26 1 26
35 2 47 37
47 19 41 22
38 6 23 11
10 41 8 5
16 14 16 32
26 44 6 5
49 19 33 40
37 25 32 32
7 33 49 27
26 7 46 15
20 10 18 30
34 24 11 25
17 3 37 6
50 26 35 34
21 42 30 25
8 34 8 26
45 28 16 13
40 39 50 41
24 25 11 46
1 20 8 25
40 47 10 27
50 16 43 39
29 17 22 12
8 29 1 47
20 35 8 14
0 25 27 28
23 47 21 26
42 50 34 18
41 30 45 28
6 36 30 28
22 28 31 27
50 23 35 44
30 42 16 7
8 9 35 2
16 5 24 20
28 30 37 6
6 18 19 33
16 2 16 18
1 34 32 1
35 8 6 5
20 25 38 27
2 2 23 1
30 25 46 9
14 14 9 12
45 41 16 3
37 50 22 33
18 27 20 27
27 11 32 42
40 18 40 17
9 28 37 16
16 32 49 41
24 32 24 5
44 48 19 43
14 29 10 36
23 16 11 48
30 40 30 26
13 34 27 24
45 44 33 33
1 4 34 29
41 2 44 25
15 31 50 12
33 37 7 14
19 27 39 37
9 33 37 3
15 33 3 21
12 40 46 11
39 30 5 5
38 22 32 1
21 21 17 31
15 5 13 14
36 1 42 40
44 12 44 36
20 43 43 40
30 41 37 48
8 50 48 24
50 20 42 21
50 27 13 7
48 48 12 21
0 8 43 8
26 2 47 38
5 24 47 50
1 31 19 17
13 36 42 21
3 44 44 50
40 41 38 23
31 26 11 44
46 4 22 35
13 37 26 38
22 18 11 14
47 32 22 47
9 24 46 13
8 5 10 6
32 23 23 3
26 1 50 34
50 9 23 4
23 20 30 11
50 49 38 49
22 28 30 27
3 4 12 33
43 13 3 32
43 12 24 44
35 1 6 17
46 12 47 39
39 2 16 21
40 41 16 16
23 5 17 34
1 9 6 15
19 43 37 45
39 47 29 18
21 16 29 22
15 9 15 5
6 1 7 21
24 33 37 30
32 30 37 37
37 41 19 20
15 22 42 36
35 34 15 37
13 7 3 6
16 21 1 25
9 1 11 23
5 11 28 50
22 18 3 11
18 15 23 31
48 22 24 6
27 44 30 18
2 12 13 32
34 14 11 45
45 48 8 30
16 46 22 8
1 35 29 42
3 49 48 7
19 17 7 26
32 13 40 8
41 21 3 37
27 37 13 34
49 40 50 34
39 9 20 23
21 10 49 1
5 40 6 46
22 12 32 41
21 9 28 5
22 21 47 14
31 36 3 36
20 41 37 2
3 32 41 26
40 39 49 36
32 18 16 40
38 28 28 25
14 50 20 33
27 50 10 16
33 7 15 20
20 45 11 43
46 1 10 20
9 2 2 5
22 13 31 15
8 1 28 19
6 18 6 9
0 13 8 35
44 15 25 28
26 31 12 37
50 13 6 16
42 9 35 33
37 20 43 27
19 16 34 10
46 31 15 23
22 11 27 2
1 17 5 25
25 41 2 21
23 1 22 47
14 18 44 27
14 49 44 21
11 25 36 23
5 18 29 34
15 8 8 25
46 27 3 2
44 1 47 27
3 29 11 22
40 40 45 43
45 9 48 15
47 28 7 25
8 9 15 16
37 23 24 18
40 34 49 4
23 35 34 6
27 44 7 40
49 31 42 19
17 26 4 18
46 5 43 21
3 33 15 29
35 22 7 34
49 32 44 38
43 33 30 38
31 22 20 40
31 30 4 44
48 41 50 46
19 24 10 44
17 37 31 7
19 2 37 4
39 25 41 48
43 19 14 6
28 25 6 38
16 28 27 36
26 42 6 41
14 29 7 16
24 11 12 10
39 41 18 30
2 21 18 37
30 29 44 35
6 47 28 19
22 11 19 16
21 3 49 14
45 34 6 30
1 35 20 37
31 5 20 2
6 24 49 29
21 34 20 24
32 28 20 12
4 17 47 15
0 26 40 42
35 34 30 6
2 45 38 27
20 18 35 41
20 38 33 27
49 36 7 14
19 12 16 36
33 14 28 2
6 49 15 49
22 37 25 5
4 21 6 13
20 42 41 21
11 31 4 39
32 20 42 17
35 35 20 50
16 36 20 24
10 25 38 39
34 38 35 45
11 14 28 15
34 19 36 5
25 7 46 10
30 5 36 6
21 5 42 4
50 2 25 48
31 4 16 23
9 12 13 15
3 15 15 12
50 25 6 16
6 49 18 47
14 5 27 23
44 45 29 38
41 25 9 1
41 35 23 3
28 15 45 32
11 10 13 23
21 49 17 33
3 23 46 48
44 36 47 5
23 21 24 35
14 23 50 49
10 2 5 18
4 37 37 20
41 4 4 25
15 29 30 45
12 26 24 48
43 44 14 46
3 39 48 15
4 41 48 33
38 36 8 19
45 17 14 38
24 13 10 35
38 23 38 43
31 9 21 39
46 45 12 29
4 47 21 43
12 9 25 50
46 1 17 43
16 42 23 26
20 7 34 29
31 33 21 32
34 49 37 10
30 14 31 11
46 15 17 2
23 5 19 39
9 25 19 39
0 32 31 11
37 34 35 2
27 45 43 1
45 9 11 33
5 15 13 24
26 23 45 23
38 23 42 45
3 5 4 42
18 38 4 13
9 11 43 28
45 11 45 36
14 33 21 25
26 38 18 39
41 5 39 37
46 5 4 5
29 49 16 31
25 46 16 5
48 16 6 6
43 31 29 22
44 48 41 11
30 11 32 18
40 42 11 37
50 46 24 30
37 18 35 8
44 22 9 38
37 16 25 36
16 7 7 11
9 45 6 34
20 42 22 50
21 44 34 7
39 18 35 19
3 36 26 16
7 48 9 20
14 5 22 31
27 36 7 7
14 18 32 35
38 1 7 45
35 25 30 18
44 26 11 50
8 46 10 20
41 4 33 11
44 28 5 8
21 32 26 35
37 22 7 9
11 14 14 2
6 26 24 16
3 45 28 36
30 2 44 11
1 22 49 6
12 27 17 11
10 43 19 2
32 45 40 23
34 1 21 16
37 46 48 40
1 27 13 49
48 44 35 38
42 15 27 27
9 48 40 38
45 47 6 32
3 11 6 39
12 16 40 16
29 38 48 2
30 12 48 39
42 40 46 36
24 9 25 15
26 30 24 12
36 38 13 42
8 40 38 6
40 12 6 45
34 45 9 37
20 48 35 41
19 48 26 38
23 49 34 45
27 12 22 33
35 26 50 40
1 17 2 49
49 5 8 31
32 41 23 20
18 39 27 50
10 1 42 28
2 28 40 16
28 4 25 20
7 5 14 26
43 10 16 15
10 30 1 13
28 14 46 3
32 34 18 36
0 33 17 49
15 2 37 5
48 41 9 18
4 32 43 3
38 36 40 27
8 38 29 35
0 3 5 25
34 16 32 22
46 27 9 19
2 15 49 27
29 13 4 48
43 30 37 2
22 30 30 30
40 25 36 50
6 26 2 18
8 1 2 44
6 1 30 13
17 37 14 35
41 20 44 3
1 23 22 42
4 6 35 13
16 39 42 18
27 4 17 3
28 18 44 25
43 34 41 47
2 8 9 46
28 34 13 16
47 48 24 20
20 27 3 2
10 45 47 38
21 4 5 10
6 13 11 13
41 24 14 42
38 31 13 30
10 19 34 28
11 27 8 18
7 42 4 14
35 3 43 1
46 44 41 42
15 48 29 13
37 1 17 31
18 43 41 46
34 11 32 38
12 44 37 28
26 44 8 10
41 6 20 23
35 6 3 10
47 1 4 36
43 10 7 48
26 14 13 13
46 6 21 4
8 3 18 1
40 12 42 37
41 16 40 41
49 5 19 47
49 30 19 21
47 25 44 40
4 27 1 24
45 22 47 35
19 21 5 27
11 6 17 36
37 26 37 1
49 21 25 30
12 45 4 9
14 9 42 39
14 32 28 46
3 19 14 20
28 46 8 35
32 1 15 38
19 24 44 8
47 1 39 23
41 37 12 20
34 2 18 24
26 45 26 34
22 12 7 20
34 27 38 14
42 5 4 46
17 36 32 38
27 23 49 49
24 28 33 27
21 13 23 11
25 30 7 3
24 27 35 36
46 15 29 9
29 8 38 39
48 50 44 24
31 48 17 6
44 23 9 30
44 12 47 21
36 17 38 24
12 26 10 45
12 2 49 7
38 50 25 36
15 21 24 45
46 20 6 13
41 29 33 35
42 41 34 5
45 21 27 29
38 49 30 28
21 35 35 16
9 35 8 47
38 35 4 14
37 29 29 34
47 30 7 37
34 2 28 1
1 16 43 49
1 40 43 43
22 27 15 37
39 17 18 23
23 11 31 4
43 2 5 20
32 12 13 27
15 33 45 1
18 31 18 14
34 21 4 21
3 37 47 44
43 32 7 37
41 20 28 31
6 9 42 30
28 28 7 12
28 19 36 30
50 43 14 42
38 50 2 14
43 22 30 20
43 48 9 20
24 10 20 46
45 23 11 14
5 43 28 49
44 10 22 10
32 42 12 4
19 46 16 21
4 44 31 19
9 34 47 29
19 31 13 13
50 34 44 13
0 41 5 26
34 24 31 12
21 20 20 3
7 33 8 42
42 24 22 6
38 20 33 43
10 31 7 33
40 11 37 7
8 19 18 27
43 10 37 25
6 31 40 9
34 45 24 23
47 18 27 16
27 8 29 31
21 24 34 50
34 6 25 37
41 41 35 45
47 48 7 32
20 49 33 35
6 34 6 28
24 48 22 26
24 42 50 39
13 40 28 47
3 21 10 31
47 37 25 44
41 5 7 38
2 11 46 35
32 2 38 50
42 2 20 23
27 20 32 18
38 43 15 31
44 22 20 8
39 17 30 27
1 24 25 42
37 3 28 22
20 47 15 37
6 48 39 15
11 4 14 40
29 24 19 34
25 43 29 13
17 11 40 7
27 49 34 29
16 44 13 12
6 3 49 45
13 6 31 17
28 6 6 43
16 27 50 45
47 15 50 13
47 43 4 40
19 27 46 28
0 18 39 14
24 50 20 38
45 8 35 36
26 35 50 12
12 12 44 8
30 1 2 33
2 39 36 30
29 14 4 41
34 26 34 47
10 19 30 17
23 6 27 3
34 32 13 48
47 19 50 12
26 49 3 39
3 24 6 2
9 39 44 43
1 32 42 15
26 38 34 45
31 15 20 23
29 23 29 35
34 22 23 17
33 36 11 38
50 36 3 26
38 6 2 16
0 34 26 50
35 34 7 7
18 13 46 7
40 49 35 37
28 25 22 40
1 40 34 8
10 32 3 19
17 40 49 4
43 15 22 7
25 38 27 28
21 33 7 8
46 48 7 7
22 2 7 40
8 21 1 7
40 49 16 4
29 12 13 3
27 17 18 48
10 20 40 24
37 38 42 3
0 26 21 21
23 40 26 50
6 3 11 8
32 23 43 9
3 27 4 49
42 19 22 42
6 44 14 1
30 36 41 7
36 35 42 10
24 21 28 9
46 28 34 18
19 42 31 26
45 4 39 7
10 34 7 50
28 31 2 8
27 23 49 14
9 46 2 35
32 50 20 31
34 21 8 26
46 39 40 29
37 29 2 46
24 34 9 39
17 3 28 17
15 40 48 3
1 41 5 43
45 44 7 19
47 18 25 1
20 45 24 20
11 3 49 25
36 14 40 32
17 31 2 37
24 44 22 49
48 41 9 39
44 1 33 3
42 40 45 17
14 14 28 28
28 10 21 30
8 13 6 48
44 39 19 7
43 11 42 29
3 27 21 18
2 21 42 18
49 44 49 2
14 9 34 17
20 47 12 34
23 38 13 22
44 44 30 2
2 30 30 30
32 31 4 19
7 48 22 24
50 12 24 49
42 10 40 44
48 14 37 4
48 26 20 3
9 32 21 23
19 21 32 31
17 35 10 36
6 50 37 20
2 47 38 20
9 45 18 25
47 8 14 11
9 15 6 11
12 21 46 43
23 6 27 17
45 49 5 36
36 36 47 15
41 34 17 14
42 44 23 32
30 42 11 20
5 10 22 23
23 11 16 48
34 37 49 12
2 5 31 43
23 50 24 7
48 20 4 46
26 35 50 8
8 26 21 50
41 11 34 26
14 16 9 39
35 50 48 33
29 13 43 43
30 20 16 33
34 20 13 31
14 26 27 10
21 37 36 46
12 20 32 9
34 19 39 14
45 11 1 2
36 33 20 23
9 35 21 39
34 34 26 46
22 9 38 12
32 19 37 12
2 18 25 25
30 14 10 11
24 39 13 1
14 40 12 14
26 8 8 30
11 5 46 23
26 43 1 16
30 31 40 3
8 24 41 47
2 48 39 23
43 12 34 1
3 10 37 38
35 40 30 50
1 13 15 49
44 50 21 29
6 11 47 40
15 35 28 4
50 18 21 37
14 13 26 47
20 47 49 39
26 24 12 32
18 2 24 40
2 35 26 19
28 18 49 26
22 46 3 35
50 14 32 26
9 23 11 9
30 27 37 4
6 14 34 1
25 48 35 34
22 37 10 39
36 7 4 44
15 21 6 3
29 48 38 7
16 36 41 27
1 36 47 43
42 12 24 24
12 27 32 6
34 8 36 6
23 31 24 49
20 36 24 10
38 42 37 38
35 48 40 22
1 28 25 3
41 22 33 24