26058
19219 116 17865
1014 1513 1032
23 1236 406
1772 13847 25208
2538 18337 2045
290 25478 12237
5557 18896 1052
7746 1840 9066
3163 21216 6608
12889 15229 484
6010 930 22774
6541 20132 508
102 9474 10398
1188 11004 962
22566 14995 8138
10963 625 862
8786 2372 6738
11462 3543 6634
6109 7 13665
3562 8296 2218
12536 4439 455
4924 4588 12062
8846 2126 10984
8636 17907 270
12961 24248 11517
16742 4188 1609
11906 12047 10819
1940 7778 2826
5488 11907 20679
9703 119 26008
480 1119 2928
30 371 6331
15707 13396 13267
16905 2096 9006
17729 16195 9641
3145 65 8916
14359 4921 3910
473 7834 6431
228 273 636
2246 359 3677
16342 14113 580
169 3771 5786
742 389 5241
2024 51 21276
81 2141 3950
6437 16031 10852
12501 20582 23541
12326 3101 18577
15239 13809 25108
25915 6823 16761
188 8356 11
6905 6797 20544
5350 2784 22163
15395 13174 288
587 86 6356
7942 1079 21184
5866 22613 4070
15982 741 16922
5258 15669 71
3600 7010 3544
41 2468 4570
314 10163 9703
3888 8006 2707
208 9346 2809
183 4852 10753
1375 8999 9796
23901 19598 448
1122 1910 9126
5419 16482 1829
14967 6231 6506
5722 2750 7450
25020 278 153
2506 13211 16121
733 14151 306
120 7334 9456
13069 6537 2775
18445 2665 13813
6723 365 117
9957 989 16963
36 10970 4831
3235 4008 7423
9455 12952 14335
4414 2066 19608
501 9092 165
15434 7610 18367
2570 1465 3228
22707 6031 2543
6284 25628 218
1056 6902 693
129 1159 10687
16987 13137 53
389 569 1393
2618 1089 9889
7114 449 1381
8430 5417 3753
531 20177 10078
53 23956 11959
17479 4830 1920
19701 335 392
23469 8064 24220
2902 33 21138
4351 3848 2233
769 3155 3264
25167 681 24612
4435 1826 2017
12606 1335 2591
9861 5225 18031
16022 8658 25008
20633 470 183
9300 4271 6031
21678 383 24318
11161 11942 3282
555 10031 8566
8936 20447 8595
25715 8506 16561
10181 4967 59
18275 1129 25908
12676 5561 12622
260 12191 524
123 5082 24661
5674 1225 720
1814 13961 3930
2749 19997 8
21632 25 572
15473 4108 7558
1327 505 13924
6931 3714 1868
7494 759 3066
16462 1924 1790
1982 10262 5172
16702 25081 4612
20408 21124 3102
19437 5756 8334
4309 6929 6056
33 633 19001
24873 885 13159
2442 3372 10720
11227 1537 14867
4946 15 2263
9548 6563 1751
15161 5706 1947
18875 24738 5264
4498 35 952
2411 3263 5379
3451 24004 21460
22801 1525 9951
25415 999 7342
3415 23908 1042
724 22425 596
1549 12551 4444
20723 15549 19652
2351 17486 4853
396 11242 5981
233 4148 2607
6309 11837 133
4666 25179 5858
2766 25328 12
7802 19422 413
15746 2500 15489
2366 11038 312
22425 822 6842
9925 16730 4942
1884 16359 4381
72 7037 10885
11062 24640 22116
6034 456 5
1968 6693 74
25365 12915 18915
7087 705 173
15512 840 23349
2522 2388 113
1004 894 12482
10897 4654 109
7662 13923 21975
20 24346 9036
24628 813 4339
7466 3448 10014
11871 24150 4655
21 15589 8421
10373 2532 157
11360 19952 4677
14891 19774 16721
5166 5105 792
9176 12767 476
3657 12407 1777
8696 9800 2724
17813 1625 3582
46 23860 14829
924 71 4988
21264 1192 3120
7830 11557 11017
178 2292 17989
2306 98 8740
8054 19818 8306
6697 238 1453
635 2548 19345
17687 768 6106
11095 177 22445
75 17066 4318
14397 3988 3601
22942 3281 50
145 6589 23253
834 25278 24073
18746 519 20409
14815 89 942
308 1868 7477
7061 4786 22633
14095 425 5356
944 8875 20229
7690 4028 2308
18961 1501 2575
1351 16400 11116
6359 5129 2173
7035 18767 5810
11632 641 1803
25315 11347 13702
14587 31 892
487 554 248
1731 2008 10590
278 20312 9672
824 2597 11347
24189 15869 11891
11976 7582 3830
2682 10427 469
12781 21861 7774
14207 3524 4171
3771 6131 2945
7774 6485 1170
10213 7145 23
10053 2340 13887
8996 7280 243
9893 4566 20094
14058 55 7693
8816 7064 10206
1089 1009 193
3253 10834 6206
22002 4544 812
8401 14956 1513
6619 311 12097
9331 11382 21834
1243 15949 14982
7858 2993 1441
4228 6256 19960
410 9701 7261
19833 12479 17414
23037 7442 3354
5534 1346 17742
6879 9030 15411
362 63 5882
12011 4632 19520
9116 5585 3300
13 2308 3506
563 1429 15216
3948 16982 3639
0 3353 14943
11326 24052 23877
296 2716 1181
23085 1170 7830
25865 5465 7102
9362 10630 9
1601 4418 1842
14549 3638 3990
5327 11627 872
8576 4229 2639
5235 8844 16161
50 15909 11993
1614 23332 8194
35 25728 15333
13357 23476 15528
1588 18552 22398
7222 12989 10110
22378 18079 12907
320 2818 125
3543 15269 15801
6463 25228 13739
11 299 11483
3109 3467 500
3469 7388 330
21356 213 3138
16542 263 1525
10405 15112 8250
4519 181 9396
4008 10064 11653
5189 577 1975
14 16113 19476
9056 1109 14715
21908 939 1357
643 5297 22917
24677 21400 2511
7009 44 3318
10765 3928 6131
60 3948 19564
760 23284 77
43 18595 1269
15551 10229 5149
13503 7470 12027
8606 5781 6582
13799 8122 9156
844 11 5546
18617 25528 3658
24922 3695 233
7606 13885 22965
13947 13359 1247
243 921 17824
4814 1369 19432
4750 9538 24759
14321 1214 16
2970 14607 11281
4456 18294 14525
438 77 10951
2426 6875 10654
24093 57 13519
7522 3908 18115
1034 9635 1647
814 714 2383
5122 25828 10558
10798 593 93
1856 617 56
157 95 1280
679 83 65
1210 4742 12517
16182 8689 13
18023 11662 588
20453 21262 4234
11802 18810 5834
21540 24542 16201
16582 20672 38
17 208 7234
133 137 852
161 12659 16641
7438 16646 9548
24285 9154 1369
1387 173 1537
6567 2921 7886
3433 17780 19916
417 6956 15921
3343 2216 2894
3199 218 2741
23277 463 276
13688 512 5642
23949 21584 12342
2698 3410 1660
17192 22519 16521
3004 2869 17906
99 7226 15372
619 15151 15645
17855 14037 62
2602 12587 12412
1199 11106 1002
5144 9506 22680
3790 189 644
4168 2516 972
2586 2201 14563
571 9378 8054
173 193 5931
17028 5369 20908
20903 17234 11050
12256 29 228
16 317 24
2396 24983 19259
3908 323 23109
78 5881 5011
18488 13026 4699
2885 253 8682
3714 5981 25608
17274 1952 25758
21816 419 13447
13651 7091 11619
248 19026 20049
20185 4481 6481
10831 6983 7315
19004 903 141
6159 22852 532
1996 11697 21230
11530 10698 20816
8169 1405 1126
2953 12731 1022
10501 22660 0
6059 949 14183
778 20717 4591
8026 4502 10526
15942 16688 2431
3968 9998 1192
984 6719 25658
5986 20897 2979
9486 22996 1148
2261 10902 4010
904 22948 10142
12925 2631 3084
4128 17444 13195
25765 14417 8166
15005 0 18829
5100 10394 1313
254 5249 7858
24383 7498 3392
2834 10097 14487
21310 12 17004
494 3245 23685
8198 9833 1137
9026 101 24416
7357 14303 10366
45 16605 15684
3619 16236 25308
16864 15509 12167
8517 45 774
3809 21768 18787
25 1029 15255
356 25778 16801
8876 8446 434
3073 15309 492
16662 1324 15567
10732 5273 14259
1399 547 19828
3091 11277 5498
9269 5201 258
2231 18251 68
1666 24885 5738
1024 1149 22727
22472 7172 1477
4248 2564 21506
3181 141 105
5396 49 23589
8726 6459 3870
6489 21170 1686
12361 4990 4465
7578 22143 4297
15356 8813 1725
10666 19202 2673
12817 3391 5956
20229 18939 2996
22049 750 6081
84 2767 12943
16622 3173 13231
715 8151 16361
25565 14227 25708
8111 1181 10786
32 1302 8711
9829 9668 3430
13466 1357 18872
22284 15389 6712
10996 21354 420
23517 7118 8479
6334 912 1894
17897 24591 12272
5511 9061 11857
854 4610 30
24141 3752 48
2936 20762 13375
19047 25032 46
2715 959 3411
22190 12155 18157
15317 145 23013
2126 5806 6660
751 18509 14639
12711 673 49
9517 16277 1712
14473 21492 13015
15863 3317 2115
5304 26 18535
11700 2231 2559
9989 13 5570
12997 13063 14411
16102 13733 22869
19657 24297 17127
6184 18 1115
11394 7526 264
4108 11732 11182
1536 2420 8082
15200 8326 15841
4028 341 208
3361 17570 22492
5056 23668 12552
5746 347 7970
20009 15034 2877
20053 18638 2911
12291 2801 16401
4603 18681 6456
23229 24199 25058
1471 10494 24808
3868 1784 702
266 1812 25258
23613 1258 4402
4792 22756 9982
12571 17696 324
238 23764 19872
9146 7307 13483
165 283 17701
11564 27 6231
4393 15429 17045
5281 228 213
19745 18122 19696
4330 19158 1961
7634 2356 17086
11941 585 711
4188 5489 145
22 17108 8450
16262 18208 22022
8140 12227 12799
13540 3888 3468
5842 47 25808
22989 21032 1933
96 1313 2073
459 248 5103
23805 10295 22351
523 21078 21740
14663 10936 3246
105 39 5310
25965 14645 11925
23421 9250 16081
13177 19554 7639
3487 6331 1062
5938 5537 15606
1267 1770 23926
18531 17993 12835
11128 24836 13303
19877 18380 9186
2987 20942 1335
213 23140 16441
3505 4 9486
515 12804 1621
1718 697 2101
10309 1896 294
21770 16523 6406
21448 601 548
3271 10868 12979
6084 125 1093
1692 107 24563
1279 7977 1417
1067 2324 2463
20097 7862 982
20363 8627 10046
2201 22284 2031
18149 8209 17660
11768 6849 21414
18065 14341 18661
1045 561 5474
9207 13581 2399
2216 7666 20954
2141 2957 18
12853 19862 2188
1842 25578 2758
5962 104 2962
697 19510 3970
11260 6356 14905
15824 13507 10462
12186 22 8508
611 8238 9426
12641 23812 14109
5580 11174 2623
55 11977 23829
13984 14455 19216
3021 6306 783
6134 12119 15881
24530 20267 3563
13762 3619 16281
1144 4376 9306
864 16856 8946
627 13544 15723
20498 22096 4255
18789 25678 5195
10245 11487 564
10117 12299 7369
15785 14531 992
14245 22190 11551
6775 24689 1236
7411 2022 8798
13141 1280 902
994 11767 10302
57 9734 540
7718 2111 10918
15083 2276 1082
8285 7694 1764
22613 92 1549
2096 12878 11381
706 22378 11721
8314 831 223
1291 10766 17168
508 1703 1585
4288 293 24858
5890 16564 628
37 5013 11215
4990 23 15961
3988 24444 25408
11734 23572 17619
8343 20492 729
7914 15749 4030
8082 7890 2158
25815 6006 7024
23325 1381 7288
13033 9932 7396
18107 17402 6972
2010 4397 612
22519 5931 7585
7168 4292 10
18703 1441 7531
884 8386 6181
23853 6745 912
87 4128 1816
2276 1291 33
10864 777 3620
2186 12335 1738
21038 15073 6381
3038 1729 4897
21955 2 19388
15668 1477 1855
19305 5681 17947
24971 3227 8222
24237 4808 169
6259 1651 21000
1562 377 10238
3379 11072 13339
8756 8416 15021
1898 19466 25458
11496 16898 20770
431 329 15099
15044 22708 7180
4902 203 18073
4068 8968 19130
23133 15349 3449
1954 30 8110
6801 1677 12377
1155 649 4050
2474 16772 14221
17356 3209 10430
1744 14761 1673
24432 19907 802
11428 13771 4192
2650 17654 24465
25069 23716 22539
1926 4698 6894
5650 5153 89
22096 17864 21881
8372 32 121
10534 22804 12727
19789 8906 5618
6957 21722 14753
25665 876 1258
19262 1716 14146
2800 1586 3850
6853 7806 23637
4687 6206 15762
93 21538 4486
5698 2975 1159
4624 9123 19302
31 161 5218
326 11802 9827
1315 19378 3174
13836 4720 7612
2111 129 23975
7276 1059 25558
3581 5831 516
16382 18423 11083
24 1882 6868
24726 4355 2792
18660 10130 7504
19349 4208 5402
20768 20357 14449
21402 3562 4276
332 169 23493
6671 1247 4787
14435 2733 18409
6645 9965 24171
14021 5036 5333
14625 8937 2059
5012 1854 22
20543 2939 9610
22754 5513 5762
23373 12263 371
16062 3505 8363
11598 8093 28
20588 10664 97
1510 3581 12132
914 15469 16001
1653 17612 1561
1758 969 1405
2066 10460 13591
17315 401 747
403 5731 822
954 80 18451
1100 9282 17332
8906 1417 2338
10633 15990 350
4048 3083 300
19525 9186 14297
14929 13470 161
13873 3119 23397
9672 3809 24710
424 16940 11585
24481 9218 18283
272 491 20862
12046 8720 1989
368 9602 5426
20813 14839 3192
964 2404 23301
9424 16814 2278
14511 12515 13051
3055 21814 20004
25216 8267 16841
25465 7638 6816
12116 13100 12202
13285 19686 3734
24824 3600 9734
15629 13322 9276
21083 7199 20454
11666 21630 17578
1411 15829 9920
7 21908 21552
2458 4875 24024
21128 3137 19173
126 17822 1907
19613 25428 2479
9610 14878 22210
1870 24493 9096
4858 10596 6556
1255 5177 24908
21586 7722 6281
796 3733 765
18918 1489 7050
17939 4676 21046
25615 17360 17496
11836 4250 21693
1484 9 11415
2171 149 378
6827 12623 2860
18359 2051 21599
2554 20537 13087
25265 12083 12763
3289 11592 6306
1705 3299 676
1447 18853 8278
24334 22002 3373
3695 849 2527
1912 233 16241
17603 19114 6006
7303 395 18619
16222 19334 20139
4372 1573 6686
2381 11872 1291
7249 9866 14373
15278 305 7942
69 23044 43
1679 23620 4090
17771 16318 23157
8546 14683 1634
17520 12012 11314
1640 4460 5287
90 23236 23445
1303 786 4765
6749 8180 9765
3127 7948 24958
48 1139 4110
4477 3047 19044
22237 1393 6156
3638 10800 24122
4968 8035 14
4561 23524 11823
652 2699 3525
8459 13433 20589
28 795 5594
1339 6615 8624
9086 24934 1881
13614 157 17209
3325 2436 922
13393 25130 12657
6 13657 21646
20948 2171 1501
3752 2246 7076
2634 38 20499
9579 1019 5034
19393 14722 2656
3397 4764 462
137 1599 188
19481 7554 5522
17069 13248 1203
8256 22331 399
6515 979 2690
547 609 23061
17645 19246 1104
14132 5633 253
8488 14569 22586
2156 477 4965
21862 2886 25958
3676 13285 20274
6983 1980 14072
1221 1549 23781
539 1798 13850
10149 804 2495
16946 9899 385
193 25378 282
11194 3790 83
3217 23092 12871
13725 12443 8026
2919 7253 9366
5794 17192 1225
9 732 4150
63 14 20
375 1742 7802
1363 1938 5666
6234 8782 16041
5212 17024 19740
5626 723 2415
9734 9570 8827
2868 3065 6920
1435 431 7128
18191 11140 20634
4088 14189 3715
25118 12695 12587
5818 23188 17455
13429 3828 20724
874 2682 40
16422 6641 738
2666 7361 1324
3928 153 20184
2081 13619 5906
5442 6081 7666
1575 17318 13961
4540 17528 318
10277 14075 8653
15590 22472 20319
66 17 21928
15902 22900 22821
23997 3676 932
141 223 6790
22895 17738 4130
22331 68 3156
6411 3486 11449
7886 1269 5126
16142 6433 2447
18317 122 6531
1111 36 6256
13910 533 14601
2321 23380 16601
17561 2036 2143
8966 858 6946
39 540 12447
24579 2081 4721
19176 8566 652
11029 2156 17373
20273 7919 4
153 9442 9858
466 867 2843
3524 2903 2203
338 14379 11755
4771 15190 1346
24775 15709 25508
5603 3335 51
5034 1039 4809
4208 1994 660
114 53 16681
20141 110 17783
14739 1690 5690
1627 23428 14677
198 24395 25358
661 9767 1429
13577 11417 15
17397 1099 80
23181 11312 9579
21494 22237 18325
3828 6381 16881
10021 14800 364
23757 5956 16481
18233 185 23733
10567 2580 684
894 1203 2003
20858 1453 16321
5373 8476 620
2291 19642 15294
22143 2648 832
16302 17150 11687
26 18165 15138
787 1966 24514
4708 437 3791
8227 20222 10174
12746 6281 7747
1177 22566 25858
25515 40 22257
1497 20 842
16502 258 11149
17981 7750 3210
20993 1069 9246
3733 24787 11789
6385 10528 3030
12221 21446 18493
3848 3868 5450
8666 16154 25158
23565 4334 5057
1232 5657 3013
382 24101 336
1423 5059 18703
23661 4068 24269
5465 665 8769
22660 2452 17537
117 46 21322
17151 4048 3696
203 20402 7998
805 20987 1597
1166 14265 2353
10437 689 4875
2783 8751 18958
7970 6156 10494
17233 42 19784
934 13999 8537
14169 18982 8856
19090 2852 47
18402 2614 21787
21218 10562 13628
23709 6667 9216
10699 6407 2248
17438 8536 11248
3307 18466 20364
7141 8 3810
595 407 10334
688 3011 22069
9641 20852 18745
18574 1638 198
16782 20042 4213
344 19730 15450
13105 9314 427
111 20807 1573
19569 133 8976
2817 498 4360
108 3191 3772
1800 18036 6764
12431 165 9336
2851 11522 26
19921 17276 4507
9393 22049 1699
1786 21308 2293
10341 1664 882
4836 198 8886
10930 4944 203
5770 10196 5080
452 3029 1465
670 6511 17291
149 243 12307
4645 6181 7154
7550 17950 3487
2732 16072 357
21173 7415 10622
6209 5321 8392
223 6056 238
16823 20087 13776
4582 2261 149
1133 2835 10270
12081 1612 17
19133 10361 7720
4148 14493 14035
21724 34 756
974 1049 4423
445 5906 21092
218 9410 19087
14283 4898 3890
4880 13695 7207
1828 74 23205
12151 11452 15177
9765 1756 4633
2052 1561 1072
11293 11208 13555
12396 526 604
603 5393 4549
13321 5441 24367
1459 59 2368
17110 353 1214
5078 113 21368
24045 657 6998
9797 3429 4919
13213 3657 129
15122 19070 343
7330 6771 34
51 443 86
7384 4168 1302
20678 19290 101
12466 413 36
18832 14917 441
10085 5345 15060
284 12371 17250
350 268 13411
10469 5609 3336
7998 288 668
4268 61 12692
13249 20627 13123
2038 21676 137
19965 15789 2087
14853 10328 4528
4729 4523 2129
20318 12841 3048
1523 3968 4743
302 15629 2323
579 4088 1489
1078 484 18241
9238 8596 9517
7195 5856 7914
22848 18724 14791
14777 16441 5714
2336 2484 13998
14701 2186 22304
5914 6106 1012
10600 21955 178
6593 4313 18199
2490 10732 556