150 3
9 22 38 13
5 45 27 46
44 13 13 15
30 24 25 48
9 5 7 18
23 50 45 34
32 29 34 45
38 16 3 5
20 42 19 46
25 48 42 44
42 6 10 4
21 34 3 36
7 11 3 37
46 50 22 35
46 7 31 9
50 33 15 11
4 34 7 14
8 50 7 44
30 16 50 36
47 4 23 41
26 26 29 27
14 1 11 6
39 43 15 31
29 29 42 3
13 50 17 46
25 23 42 7
19 41 42 42
4 17 34 12
39 13 38 20
26 50 25 21
15 39 2 19
20 45 21 35
6 37 33 44
21 24 50 4
13 44 47 13
0 30 25 3
21 14 22 8
41 46 31 7
26 34 25 8
44 48 42 21
11 26 14 47
27 15 2 18
3 48 31 17
18 7 21 25
47 42 33 33
4 15 42 26
6 16 33 25
39 26 47 49
5 12 47 2
15 49 22 36
48 2 4 27
3 25 2 29
42 36 14 7
7 5 32 47
41 16 23 37
49 19 35 45
36 33 48 7
8 21 42 29
31 46 5 31
1 6 10 37
10 23 44 42
19 27 38 50
9 10 36 38
24 20 34 9
25 33 16 35
23 7 13 25
16 20 8 25
31 19 12 18
36 7 9 21
6 49 20 29
1 6 16 40
43 1 48 31
50 15 18 37
21 30 13 29
46 20 4 26
3 15 45 32
7 5 2 7
9 24 38 15
32 5 4 9
31 3 40 39
39 9 25 43
2 39 21 39
36 24 16 50
9 10 32 14
37 35 21 21
25 10 35 40
31 38 49 19
37 40 7 9
35 33 3 35
16 26 25 34
0 40 33 43
21 16 6 15
37 28 35 10
35 21 50 1
26 48 21 49
16 30 10 34
33 14 20 35
22 45 20 40
1 3 32 37
5 37 3 20
10 37 30 3
42 29 5 16
40 26 16 16
3 25 49 18
34 20 5 27
35 24 18 2
46 1 38 46
41 40 15 6
46 46 8 36
37 15 3 3
41 18 18 46
45 18 15 33
50 19 11 5
18 31 8 22
18 45 19 20
15 34 27 13
24 37 50 7
6 4 11 42
29 31 37 16
0 1 50 39
1 12 44 18
41 1 39 25
5 8 46 35
26 23 50 23
1 49 29 11
24 40 2 26
13 40 43 19
30 42 10 15
29 3 32 47
21 21 23 4
25 18 39 24
17 38 46 2
50 27 12 42
5 15 17 39
15 9 9 48
20 18 12 7
9 44 5 29
3 27 32 45
39 22 20 38
24 15 41 49
34 3 40 12
48 9 2 23
17 11 20 21
50 33 27 2
30 33 30 41
24 13 37 6
44 6 45 47
37 36 45 17
38 37 29 8
6 32 30 11
